383
386
277
415
293
335
386
492
149
421
362
27
190
59
263
426
40
426
172
236
211
368
67
429
282
30
362
123
67
135
429
302
22
58
69
167
393
456
11
42
229
373
421
419
284
37
198
324
315
370
413
26
91
480
456
373
362
170
496
281
305
425
84
327
336
5
346
229
313
357
124
395
82
45
314
367
434
364
43
250
87
308
276
178
288
84
403
151
254
399
432
60
176
368
239
12
226
86
94
39
295
70
434
378
467
101
97
402
317
492
152
256
301
280
286
441
365
189
444
119
440
229
31
117
97
271
481
175
209
427
67
356
497
353
86
465
306
183
219
124
28
371
232
329
3
19
270
368
208
215
340
149
296
223
118
245
346
451
421
55
379
488
264
228
341
350
193
0
34
264
124
414
487
356
243
491
227
365
359
436
432
51
437
228
275
407
474
121
358
395
29
237
235
293
318
428
143
11
428
29
